#JOSM PicLayer plugin calibration data
#Mon Jun 16 05:24:33 BRT 2014
POSITION_Y=-644815.6031907174
POSITION_X=-3923864.727023116
M12=299.191013507877
M11=0.7130932215773493
M10=-0.0037539025689803155
M02=206.43755128001044
INITIAL_SCALE=994.7631393652946
M01=0.005809431755902364
M00=0.7119151849389248
